[double3(8.674000000000,0.000000000000,0.000000000000),double3(0.000000000000,8.674000000000,0.000000000000),double3(0.000000000000,0.000000000000,13.919000000000)]

double3(0.126700000000,0.215400000000,0.055700000000),
double3(0.284600000000,0.126700000000,0.055700000000),
double3(0.373300000000,0.284600000000,0.055700000000),
double3(0.215400000000,0.373300000000,0.055700000000),
double3(0.373300000000,0.215400000000,0.305700000000),
double3(0.215400000000,0.126700000000,0.305700000000),
double3(0.126700000000,0.284600000000,0.305700000000),
double3(0.284600000000,0.373300000000,0.305700000000),
double3(0.373300000000,0.284600000000,0.444300000000),
double3(0.215400000000,0.373300000000,0.444300000000),
double3(0.126700000000,0.215400000000,0.444300000000),
double3(0.284600000000,0.126700000000,0.444300000000),
double3(0.126700000000,0.284600000000,0.194300000000),
double3(0.284600000000,0.373300000000,0.194300000000),
double3(0.373300000000,0.215400000000,0.194300000000),
double3(0.215400000000,0.126700000000,0.194300000000),
double3(0.000000000000,0.250000000000,0.125000000000),
double3(0.250000000000,0.000000000000,0.125000000000),
double3(0.000000000000,0.250000000000,0.375000000000),
double3(0.250000000000,0.000000000000,0.375000000000),
double3(0.054450000000,0.303700000000,0.158900000000),
double3(0.196300000000,0.054450000000,0.158900000000),
double3(0.445550000000,0.196300000000,0.158900000000),
double3(0.303700000000,0.445550000000,0.158900000000),
double3(0.445550000000,0.303700000000,0.408900000000),
double3(0.303700000000,0.054450000000,0.408900000000),
double3(0.054450000000,0.196300000000,0.408900000000),
double3(0.196300000000,0.445550000000,0.408900000000),
double3(0.445550000000,0.196300000000,0.341100000000),
double3(0.303700000000,0.445550000000,0.341100000000),
double3(0.054450000000,0.303700000000,0.341100000000),
double3(0.196300000000,0.054450000000,0.341100000000),
double3(0.054450000000,0.196300000000,0.091100000000),
double3(0.196300000000,0.445550000000,0.091100000000),
double3(0.445550000000,0.303700000000,0.091100000000),
double3(0.303700000000,0.054450000000,0.091100000000),
double3(0.099250000000,0.207750000000,0.000000000000),
double3(0.292250000000,0.099250000000,0.000000000000),
double3(0.400750000000,0.292250000000,0.000000000000),
double3(0.207750000000,0.400750000000,0.000000000000),
double3(0.400750000000,0.207750000000,0.250000000000),
double3(0.207750000000,0.099250000000,0.250000000000),
double3(0.099250000000,0.292250000000,0.250000000000),
double3(0.292250000000,0.400750000000,0.250000000000),
double3(0.196900000000,0.155500000000,0.066050000000),
double3(0.344500000000,0.196900000000,0.066050000000),
double3(0.303100000000,0.344500000000,0.066050000000),
double3(0.155500000000,0.303100000000,0.066050000000),
double3(0.303100000000,0.155500000000,0.316050000000),
double3(0.155500000000,0.196900000000,0.316050000000),
double3(0.196900000000,0.344500000000,0.316050000000),
double3(0.344500000000,0.303100000000,0.316050000000),
double3(0.303100000000,0.344500000000,0.433950000000),
double3(0.155500000000,0.303100000000,0.433950000000),
double3(0.196900000000,0.155500000000,0.433950000000),
double3(0.344500000000,0.196900000000,0.433950000000),
double3(0.196900000000,0.344500000000,0.183950000000),
double3(0.344500000000,0.303100000000,0.183950000000),
double3(0.303100000000,0.155500000000,0.183950000000),
double3(0.155500000000,0.196900000000,0.183950000000),
double3(0.126700000000,0.215400000000,0.555700000000),
double3(0.284600000000,0.126700000000,0.555700000000),
double3(0.373300000000,0.284600000000,0.555700000000),
double3(0.215400000000,0.373300000000,0.555700000000),
double3(0.373300000000,0.215400000000,0.805700000000),
double3(0.215400000000,0.126700000000,0.805700000000),
double3(0.126700000000,0.284600000000,0.805700000000),
double3(0.284600000000,0.373300000000,0.805700000000),
double3(0.373300000000,0.284600000000,0.944300000000),
double3(0.215400000000,0.373300000000,0.944300000000),
double3(0.126700000000,0.215400000000,0.944300000000),
double3(0.284600000000,0.126700000000,0.944300000000),
double3(0.126700000000,0.284600000000,0.694300000000),
double3(0.284600000000,0.373300000000,0.694300000000),
double3(0.373300000000,0.215400000000,0.694300000000),
double3(0.215400000000,0.126700000000,0.694300000000),
double3(0.000000000000,0.250000000000,0.625000000000),
double3(0.250000000000,0.000000000000,0.625000000000),
double3(0.000000000000,0.250000000000,0.875000000000),
double3(0.250000000000,0.000000000000,0.875000000000),
double3(0.054450000000,0.303700000000,0.658900000000),
double3(0.196300000000,0.054450000000,0.658900000000),
double3(0.445550000000,0.196300000000,0.658900000000),
double3(0.303700000000,0.445550000000,0.658900000000),
double3(0.445550000000,0.303700000000,0.908900000000),
double3(0.303700000000,0.054450000000,0.908900000000),
double3(0.054450000000,0.196300000000,0.908900000000),
double3(0.196300000000,0.445550000000,0.908900000000),
double3(0.445550000000,0.196300000000,0.841100000000),
double3(0.303700000000,0.445550000000,0.841100000000),
double3(0.054450000000,0.303700000000,0.841100000000),
double3(0.196300000000,0.054450000000,0.841100000000),
double3(0.054450000000,0.196300000000,0.591100000000),
double3(0.196300000000,0.445550000000,0.591100000000),
double3(0.445550000000,0.303700000000,0.591100000000),
double3(0.303700000000,0.054450000000,0.591100000000),
double3(0.099250000000,0.207750000000,0.500000000000),
double3(0.292250000000,0.099250000000,0.500000000000),
double3(0.400750000000,0.292250000000,0.500000000000),
double3(0.207750000000,0.400750000000,0.500000000000),
double3(0.400750000000,0.207750000000,0.750000000000),
double3(0.207750000000,0.099250000000,0.750000000000),
double3(0.099250000000,0.292250000000,0.750000000000),
double3(0.292250000000,0.400750000000,0.750000000000),
double3(0.196900000000,0.155500000000,0.566050000000),
double3(0.344500000000,0.196900000000,0.566050000000),
double3(0.303100000000,0.344500000000,0.566050000000),
double3(0.155500000000,0.303100000000,0.566050000000),
double3(0.303100000000,0.155500000000,0.816050000000),
double3(0.155500000000,0.196900000000,0.816050000000),
double3(0.196900000000,0.344500000000,0.816050000000),
double3(0.344500000000,0.303100000000,0.816050000000),
double3(0.303100000000,0.344500000000,0.933950000000),
double3(0.155500000000,0.303100000000,0.933950000000),
double3(0.196900000000,0.155500000000,0.933950000000),
double3(0.344500000000,0.196900000000,0.933950000000),
double3(0.196900000000,0.344500000000,0.683950000000),
double3(0.344500000000,0.303100000000,0.683950000000),
double3(0.303100000000,0.155500000000,0.683950000000),
double3(0.155500000000,0.196900000000,0.683950000000),
double3(0.126700000000,0.715400000000,0.055700000000),
double3(0.284600000000,0.626700000000,0.055700000000),
double3(0.373300000000,0.784600000000,0.055700000000),
double3(0.215400000000,0.873300000000,0.055700000000),
double3(0.373300000000,0.715400000000,0.305700000000),
double3(0.215400000000,0.626700000000,0.305700000000),
double3(0.126700000000,0.784600000000,0.305700000000),
double3(0.284600000000,0.873300000000,0.305700000000),
double3(0.373300000000,0.784600000000,0.444300000000),
double3(0.215400000000,0.873300000000,0.444300000000),
double3(0.126700000000,0.715400000000,0.444300000000),
double3(0.284600000000,0.626700000000,0.444300000000),
double3(0.126700000000,0.784600000000,0.194300000000),
double3(0.284600000000,0.873300000000,0.194300000000),
double3(0.373300000000,0.715400000000,0.194300000000),
double3(0.215400000000,0.626700000000,0.194300000000),
double3(0.000000000000,0.750000000000,0.125000000000),
double3(0.250000000000,0.500000000000,0.125000000000),
double3(0.000000000000,0.750000000000,0.375000000000),
double3(0.250000000000,0.500000000000,0.375000000000),
double3(0.054450000000,0.803700000000,0.158900000000),
double3(0.196300000000,0.554450000000,0.158900000000),
double3(0.445550000000,0.696300000000,0.158900000000),
double3(0.303700000000,0.945550000000,0.158900000000),
double3(0.445550000000,0.803700000000,0.408900000000),
double3(0.303700000000,0.554450000000,0.408900000000),
double3(0.054450000000,0.696300000000,0.408900000000),
double3(0.196300000000,0.945550000000,0.408900000000),
double3(0.445550000000,0.696300000000,0.341100000000),
double3(0.303700000000,0.945550000000,0.341100000000),
double3(0.054450000000,0.803700000000,0.341100000000),
double3(0.196300000000,0.554450000000,0.341100000000),
double3(0.054450000000,0.696300000000,0.091100000000),
double3(0.196300000000,0.945550000000,0.091100000000),
double3(0.445550000000,0.803700000000,0.091100000000),
double3(0.303700000000,0.554450000000,0.091100000000),
double3(0.099250000000,0.707750000000,0.000000000000),
double3(0.292250000000,0.599250000000,0.000000000000),
double3(0.400750000000,0.792250000000,0.000000000000),
double3(0.207750000000,0.900750000000,0.000000000000),
double3(0.400750000000,0.707750000000,0.250000000000),
double3(0.207750000000,0.599250000000,0.250000000000),
double3(0.099250000000,0.792250000000,0.250000000000),
double3(0.292250000000,0.900750000000,0.250000000000),
double3(0.196900000000,0.655500000000,0.066050000000),
double3(0.344500000000,0.696900000000,0.066050000000),
double3(0.303100000000,0.844500000000,0.066050000000),
double3(0.155500000000,0.803100000000,0.066050000000),
double3(0.303100000000,0.655500000000,0.316050000000),
double3(0.155500000000,0.696900000000,0.316050000000),
double3(0.196900000000,0.844500000000,0.316050000000),
double3(0.344500000000,0.803100000000,0.316050000000),
double3(0.303100000000,0.844500000000,0.433950000000),
double3(0.155500000000,0.803100000000,0.433950000000),
double3(0.196900000000,0.655500000000,0.433950000000),
double3(0.344500000000,0.696900000000,0.433950000000),
double3(0.196900000000,0.844500000000,0.183950000000),
double3(0.344500000000,0.803100000000,0.183950000000),
double3(0.303100000000,0.655500000000,0.183950000000),
double3(0.155500000000,0.696900000000,0.183950000000),
double3(0.126700000000,0.715400000000,0.555700000000),
double3(0.284600000000,0.626700000000,0.555700000000),
double3(0.373300000000,0.784600000000,0.555700000000),
double3(0.215400000000,0.873300000000,0.555700000000),
double3(0.373300000000,0.715400000000,0.805700000000),
double3(0.215400000000,0.626700000000,0.805700000000),
double3(0.126700000000,0.784600000000,0.805700000000),
double3(0.284600000000,0.873300000000,0.805700000000),
double3(0.373300000000,0.784600000000,0.944300000000),
double3(0.215400000000,0.873300000000,0.944300000000),
double3(0.126700000000,0.715400000000,0.944300000000),
double3(0.284600000000,0.626700000000,0.944300000000),
double3(0.126700000000,0.784600000000,0.694300000000),
double3(0.284600000000,0.873300000000,0.694300000000),
double3(0.373300000000,0.715400000000,0.694300000000),
double3(0.215400000000,0.626700000000,0.694300000000),
double3(0.000000000000,0.750000000000,0.625000000000),
double3(0.250000000000,0.500000000000,0.625000000000),
double3(0.000000000000,0.750000000000,0.875000000000),
double3(0.250000000000,0.500000000000,0.875000000000),
double3(0.054450000000,0.803700000000,0.658900000000),
double3(0.196300000000,0.554450000000,0.658900000000),
double3(0.445550000000,0.696300000000,0.658900000000),
double3(0.303700000000,0.945550000000,0.658900000000),
double3(0.445550000000,0.803700000000,0.908900000000),
double3(0.303700000000,0.554450000000,0.908900000000),
double3(0.054450000000,0.696300000000,0.908900000000),
double3(0.196300000000,0.945550000000,0.908900000000),
double3(0.445550000000,0.696300000000,0.841100000000),
double3(0.303700000000,0.945550000000,0.841100000000),
double3(0.054450000000,0.803700000000,0.841100000000),
double3(0.196300000000,0.554450000000,0.841100000000),
double3(0.054450000000,0.696300000000,0.591100000000),
double3(0.196300000000,0.945550000000,0.591100000000),
double3(0.445550000000,0.803700000000,0.591100000000),
double3(0.303700000000,0.554450000000,0.591100000000),
double3(0.099250000000,0.707750000000,0.500000000000),
double3(0.292250000000,0.599250000000,0.500000000000),
double3(0.400750000000,0.792250000000,0.500000000000),
double3(0.207750000000,0.900750000000,0.500000000000),
double3(0.400750000000,0.707750000000,0.750000000000),
double3(0.207750000000,0.599250000000,0.750000000000),
double3(0.099250000000,0.792250000000,0.750000000000),
double3(0.292250000000,0.900750000000,0.750000000000),
double3(0.196900000000,0.655500000000,0.566050000000),
double3(0.344500000000,0.696900000000,0.566050000000),
double3(0.303100000000,0.844500000000,0.566050000000),
double3(0.155500000000,0.803100000000,0.566050000000),
double3(0.303100000000,0.655500000000,0.816050000000),
double3(0.155500000000,0.696900000000,0.816050000000),
double3(0.196900000000,0.844500000000,0.816050000000),
double3(0.344500000000,0.803100000000,0.816050000000),
double3(0.303100000000,0.844500000000,0.933950000000),
double3(0.155500000000,0.803100000000,0.933950000000),
double3(0.196900000000,0.655500000000,0.933950000000),
double3(0.344500000000,0.696900000000,0.933950000000),
double3(0.196900000000,0.844500000000,0.683950000000),
double3(0.344500000000,0.803100000000,0.683950000000),
double3(0.303100000000,0.655500000000,0.683950000000),
double3(0.155500000000,0.696900000000,0.683950000000),
double3(0.626700000000,0.215400000000,0.055700000000),
double3(0.784600000000,0.126700000000,0.055700000000),
double3(0.873300000000,0.284600000000,0.055700000000),
double3(0.715400000000,0.373300000000,0.055700000000),
double3(0.873300000000,0.215400000000,0.305700000000),
double3(0.715400000000,0.126700000000,0.305700000000),
double3(0.626700000000,0.284600000000,0.305700000000),
double3(0.784600000000,0.373300000000,0.305700000000),
double3(0.873300000000,0.284600000000,0.444300000000),
double3(0.715400000000,0.373300000000,0.444300000000),
double3(0.626700000000,0.215400000000,0.444300000000),
double3(0.784600000000,0.126700000000,0.444300000000),
double3(0.626700000000,0.284600000000,0.194300000000),
double3(0.784600000000,0.373300000000,0.194300000000),
double3(0.873300000000,0.215400000000,0.194300000000),
double3(0.715400000000,0.126700000000,0.194300000000),
double3(0.500000000000,0.250000000000,0.125000000000),
double3(0.750000000000,0.000000000000,0.125000000000),
double3(0.500000000000,0.250000000000,0.375000000000),
double3(0.750000000000,0.000000000000,0.375000000000),
double3(0.554450000000,0.303700000000,0.158900000000),
double3(0.696300000000,0.054450000000,0.158900000000),
double3(0.945550000000,0.196300000000,0.158900000000),
double3(0.803700000000,0.445550000000,0.158900000000),
double3(0.945550000000,0.303700000000,0.408900000000),
double3(0.803700000000,0.054450000000,0.408900000000),
double3(0.554450000000,0.196300000000,0.408900000000),
double3(0.696300000000,0.445550000000,0.408900000000),
double3(0.945550000000,0.196300000000,0.341100000000),
double3(0.803700000000,0.445550000000,0.341100000000),
double3(0.554450000000,0.303700000000,0.341100000000),
double3(0.696300000000,0.054450000000,0.341100000000),
double3(0.554450000000,0.196300000000,0.091100000000),
double3(0.696300000000,0.445550000000,0.091100000000),
double3(0.945550000000,0.303700000000,0.091100000000),
double3(0.803700000000,0.054450000000,0.091100000000),
double3(0.599250000000,0.207750000000,0.000000000000),
double3(0.792250000000,0.099250000000,0.000000000000),
double3(0.900750000000,0.292250000000,0.000000000000),
double3(0.707750000000,0.400750000000,0.000000000000),
double3(0.900750000000,0.207750000000,0.250000000000),
double3(0.707750000000,0.099250000000,0.250000000000),
double3(0.599250000000,0.292250000000,0.250000000000),
double3(0.792250000000,0.400750000000,0.250000000000),
double3(0.696900000000,0.155500000000,0.066050000000),
double3(0.844500000000,0.196900000000,0.066050000000),
double3(0.803100000000,0.344500000000,0.066050000000),
double3(0.655500000000,0.303100000000,0.066050000000),
double3(0.803100000000,0.155500000000,0.316050000000),
double3(0.655500000000,0.196900000000,0.316050000000),
double3(0.696900000000,0.344500000000,0.316050000000),
double3(0.844500000000,0.303100000000,0.316050000000),
double3(0.803100000000,0.344500000000,0.433950000000),
double3(0.655500000000,0.303100000000,0.433950000000),
double3(0.696900000000,0.155500000000,0.433950000000),
double3(0.844500000000,0.196900000000,0.433950000000),
double3(0.696900000000,0.344500000000,0.183950000000),
double3(0.844500000000,0.303100000000,0.183950000000),
double3(0.803100000000,0.155500000000,0.183950000000),
double3(0.655500000000,0.196900000000,0.183950000000),
double3(0.626700000000,0.215400000000,0.555700000000),
double3(0.784600000000,0.126700000000,0.555700000000),
double3(0.873300000000,0.284600000000,0.555700000000),
double3(0.715400000000,0.373300000000,0.555700000000),
double3(0.873300000000,0.215400000000,0.805700000000),
double3(0.715400000000,0.126700000000,0.805700000000),
double3(0.626700000000,0.284600000000,0.805700000000),
double3(0.784600000000,0.373300000000,0.805700000000),
double3(0.873300000000,0.284600000000,0.944300000000),
double3(0.715400000000,0.373300000000,0.944300000000),
double3(0.626700000000,0.215400000000,0.944300000000),
double3(0.784600000000,0.126700000000,0.944300000000),
double3(0.626700000000,0.284600000000,0.694300000000),
double3(0.784600000000,0.373300000000,0.694300000000),
double3(0.873300000000,0.215400000000,0.694300000000),
double3(0.715400000000,0.126700000000,0.694300000000),
double3(0.500000000000,0.250000000000,0.625000000000),
double3(0.750000000000,0.000000000000,0.625000000000),
double3(0.500000000000,0.250000000000,0.875000000000),
double3(0.750000000000,0.000000000000,0.875000000000),
double3(0.554450000000,0.303700000000,0.658900000000),
double3(0.696300000000,0.054450000000,0.658900000000),
double3(0.945550000000,0.196300000000,0.658900000000),
double3(0.803700000000,0.445550000000,0.658900000000),
double3(0.945550000000,0.303700000000,0.908900000000),
double3(0.803700000000,0.054450000000,0.908900000000),
double3(0.554450000000,0.196300000000,0.908900000000),
double3(0.696300000000,0.445550000000,0.908900000000),
double3(0.945550000000,0.196300000000,0.841100000000),
double3(0.803700000000,0.445550000000,0.841100000000),
double3(0.554450000000,0.303700000000,0.841100000000),
double3(0.696300000000,0.054450000000,0.841100000000),
double3(0.554450000000,0.196300000000,0.591100000000),
double3(0.696300000000,0.445550000000,0.591100000000),
double3(0.945550000000,0.303700000000,0.591100000000),
double3(0.803700000000,0.054450000000,0.591100000000),
double3(0.599250000000,0.207750000000,0.500000000000),
double3(0.792250000000,0.099250000000,0.500000000000),
double3(0.900750000000,0.292250000000,0.500000000000),
double3(0.707750000000,0.400750000000,0.500000000000),
double3(0.900750000000,0.207750000000,0.750000000000),
double3(0.707750000000,0.099250000000,0.750000000000),
double3(0.599250000000,0.292250000000,0.750000000000),
double3(0.792250000000,0.400750000000,0.750000000000),
double3(0.696900000000,0.155500000000,0.566050000000),
double3(0.844500000000,0.196900000000,0.566050000000),
double3(0.803100000000,0.344500000000,0.566050000000),
double3(0.655500000000,0.303100000000,0.566050000000),
double3(0.803100000000,0.155500000000,0.816050000000),
double3(0.655500000000,0.196900000000,0.816050000000),
double3(0.696900000000,0.344500000000,0.816050000000),
double3(0.844500000000,0.303100000000,0.816050000000),
double3(0.803100000000,0.344500000000,0.933950000000),
double3(0.655500000000,0.303100000000,0.933950000000),
double3(0.696900000000,0.155500000000,0.933950000000),
double3(0.844500000000,0.196900000000,0.933950000000),
double3(0.696900000000,0.344500000000,0.683950000000),
double3(0.844500000000,0.303100000000,0.683950000000),
double3(0.803100000000,0.155500000000,0.683950000000),
double3(0.655500000000,0.196900000000,0.683950000000),
double3(0.626700000000,0.715400000000,0.055700000000),
double3(0.784600000000,0.626700000000,0.055700000000),
double3(0.873300000000,0.784600000000,0.055700000000),
double3(0.715400000000,0.873300000000,0.055700000000),
double3(0.873300000000,0.715400000000,0.305700000000),
double3(0.715400000000,0.626700000000,0.305700000000),
double3(0.626700000000,0.784600000000,0.305700000000),
double3(0.784600000000,0.873300000000,0.305700000000),
double3(0.873300000000,0.784600000000,0.444300000000),
double3(0.715400000000,0.873300000000,0.444300000000),
double3(0.626700000000,0.715400000000,0.444300000000),
double3(0.784600000000,0.626700000000,0.444300000000),
double3(0.626700000000,0.784600000000,0.194300000000),
double3(0.784600000000,0.873300000000,0.194300000000),
double3(0.873300000000,0.715400000000,0.194300000000),
double3(0.715400000000,0.626700000000,0.194300000000),
double3(0.500000000000,0.750000000000,0.125000000000),
double3(0.750000000000,0.500000000000,0.125000000000),
double3(0.500000000000,0.750000000000,0.375000000000),
double3(0.750000000000,0.500000000000,0.375000000000),
double3(0.554450000000,0.803700000000,0.158900000000),
double3(0.696300000000,0.554450000000,0.158900000000),
double3(0.945550000000,0.696300000000,0.158900000000),
double3(0.803700000000,0.945550000000,0.158900000000),
double3(0.945550000000,0.803700000000,0.408900000000),
double3(0.803700000000,0.554450000000,0.408900000000),
double3(0.554450000000,0.696300000000,0.408900000000),
double3(0.696300000000,0.945550000000,0.408900000000),
double3(0.945550000000,0.696300000000,0.341100000000),
double3(0.803700000000,0.945550000000,0.341100000000),
double3(0.554450000000,0.803700000000,0.341100000000),
double3(0.696300000000,0.554450000000,0.341100000000),
double3(0.554450000000,0.696300000000,0.091100000000),
double3(0.696300000000,0.945550000000,0.091100000000),
double3(0.945550000000,0.803700000000,0.091100000000),
double3(0.803700000000,0.554450000000,0.091100000000),
double3(0.599250000000,0.707750000000,0.000000000000),
double3(0.792250000000,0.599250000000,0.000000000000),
double3(0.900750000000,0.792250000000,0.000000000000),
double3(0.707750000000,0.900750000000,0.000000000000),
double3(0.900750000000,0.707750000000,0.250000000000),
double3(0.707750000000,0.599250000000,0.250000000000),
double3(0.599250000000,0.792250000000,0.250000000000),
double3(0.792250000000,0.900750000000,0.250000000000),
double3(0.696900000000,0.655500000000,0.066050000000),
double3(0.844500000000,0.696900000000,0.066050000000),
double3(0.803100000000,0.844500000000,0.066050000000),
double3(0.655500000000,0.803100000000,0.066050000000),
double3(0.803100000000,0.655500000000,0.316050000000),
double3(0.655500000000,0.696900000000,0.316050000000),
double3(0.696900000000,0.844500000000,0.316050000000),
double3(0.844500000000,0.803100000000,0.316050000000),
double3(0.803100000000,0.844500000000,0.433950000000),
double3(0.655500000000,0.803100000000,0.433950000000),
double3(0.696900000000,0.655500000000,0.433950000000),
double3(0.844500000000,0.696900000000,0.433950000000),
double3(0.696900000000,0.844500000000,0.183950000000),
double3(0.844500000000,0.803100000000,0.183950000000),
double3(0.803100000000,0.655500000000,0.183950000000),
double3(0.655500000000,0.696900000000,0.183950000000),
double3(0.626700000000,0.715400000000,0.555700000000),
double3(0.784600000000,0.626700000000,0.555700000000),
double3(0.873300000000,0.784600000000,0.555700000000),
double3(0.715400000000,0.873300000000,0.555700000000),
double3(0.873300000000,0.715400000000,0.805700000000),
double3(0.715400000000,0.626700000000,0.805700000000),
double3(0.626700000000,0.784600000000,0.805700000000),
double3(0.784600000000,0.873300000000,0.805700000000),
double3(0.873300000000,0.784600000000,0.944300000000),
double3(0.715400000000,0.873300000000,0.944300000000),
double3(0.626700000000,0.715400000000,0.944300000000),
double3(0.784600000000,0.626700000000,0.944300000000),
double3(0.626700000000,0.784600000000,0.694300000000),
double3(0.784600000000,0.873300000000,0.694300000000),
double3(0.873300000000,0.715400000000,0.694300000000),
double3(0.715400000000,0.626700000000,0.694300000000),
double3(0.500000000000,0.750000000000,0.625000000000),
double3(0.750000000000,0.500000000000,0.625000000000),
double3(0.500000000000,0.750000000000,0.875000000000),
double3(0.750000000000,0.500000000000,0.875000000000),
double3(0.554450000000,0.803700000000,0.658900000000),
double3(0.696300000000,0.554450000000,0.658900000000),
double3(0.945550000000,0.696300000000,0.658900000000),
double3(0.803700000000,0.945550000000,0.658900000000),
double3(0.945550000000,0.803700000000,0.908900000000),
double3(0.803700000000,0.554450000000,0.908900000000),
double3(0.554450000000,0.696300000000,0.908900000000),
double3(0.696300000000,0.945550000000,0.908900000000),
double3(0.945550000000,0.696300000000,0.841100000000),
double3(0.803700000000,0.945550000000,0.841100000000),
double3(0.554450000000,0.803700000000,0.841100000000),
double3(0.696300000000,0.554450000000,0.841100000000),
double3(0.554450000000,0.696300000000,0.591100000000),
double3(0.696300000000,0.945550000000,0.591100000000),
double3(0.945550000000,0.803700000000,0.591100000000),
double3(0.803700000000,0.554450000000,0.591100000000),
double3(0.599250000000,0.707750000000,0.500000000000),
double3(0.792250000000,0.599250000000,0.500000000000),
double3(0.900750000000,0.792250000000,0.500000000000),
double3(0.707750000000,0.900750000000,0.500000000000),
double3(0.900750000000,0.707750000000,0.750000000000),
double3(0.707750000000,0.599250000000,0.750000000000),
double3(0.599250000000,0.792250000000,0.750000000000),
double3(0.792250000000,0.900750000000,0.750000000000),
double3(0.696900000000,0.655500000000,0.566050000000),
double3(0.844500000000,0.696900000000,0.566050000000),
double3(0.803100000000,0.844500000000,0.566050000000),
double3(0.655500000000,0.803100000000,0.566050000000),
double3(0.803100000000,0.655500000000,0.816050000000),
double3(0.655500000000,0.696900000000,0.816050000000),
double3(0.696900000000,0.844500000000,0.816050000000),
double3(0.844500000000,0.803100000000,0.816050000000),
double3(0.803100000000,0.844500000000,0.933950000000),
double3(0.655500000000,0.803100000000,0.933950000000),
double3(0.696900000000,0.655500000000,0.933950000000),
double3(0.844500000000,0.696900000000,0.933950000000),
double3(0.696900000000,0.844500000000,0.683950000000),
double3(0.844500000000,0.803100000000,0.683950000000),
double3(0.803100000000,0.655500000000,0.683950000000),
double3(0.655500000000,0.696900000000,0.683950000000),
